{"columns": ["Class", "1", "10", "11", "12", "13", "14", "15", "16", "17", "18", "19", "2", "20", "21", "22", "23", "24", "25", "26", "27", "28", "29", "3", "30", "31", "32", "4", "5", "6", "7", "8", "9"], "data": [["1", 328, 305, 297, 290, 271, 273, 304, 254, 238, 278, 240, 299, 302, 312, 319, 325, 324, 324, 322, 321, 312, 301, 272, 234, 284, 240, 275, 281, 299, 301, 312, 306], ["10", 305, 506, 471, 420, 391, 406, 447, 298, 301, 394, 338, 432, 448, 465, 492, 498, 495, 497, 498, 493, 470, 442, 405, 339, 401, 296, 395, 415, 469, 475, 481, 486], ["11", 297, 471, 516, 420, 395, 402, 455, 288, 299, 389, 333, 439, 448, 473, 502, 510, 506, 508, 509, 503, 482, 445, 410, 335, 392, 294, 394, 410, 485, 471, 479, 476], ["12", 290, 420, 420, 448, 372, 376, 413, 276, 283, 374, 325, 398, 406, 421, 436, 443, 443, 444, 442, 437, 427, 402, 383, 329, 379, 280, 372, 391, 421, 419, 429, 425], ["13", 271, 391, 395, 372, 423, 355, 386, 258, 256, 347, 301, 367, 379, 399, 414, 418, 414, 419, 419, 415, 402, 380, 349, 300, 354, 262, 362, 369, 398, 397, 403, 399], ["14", 273, 406, 402, 376, 355, 436, 395, 259, 275, 356, 302, 388, 389, 404, 424, 433, 431, 432, 432, 428, 410, 383, 376, 312, 363, 270, 356, 376, 404, 404, 409, 407], ["15", 304, 447, 455, 413, 386, 395, 500, 300, 299, 388, 332, 444, 438, 458, 485, 493, 489, 492, 492, 490, 464, 442, 409, 335, 392, 296, 393, 407, 454, 447, 457, 453], ["16", 254, 298, 288, 276, 258, 259, 300, 319, 236, 262, 233, 297, 298, 306, 312, 317, 317, 318, 314, 314, 303, 293, 271, 222, 271, 235, 273, 278, 294, 290, 299, 296], ["17", 238, 301, 299, 283, 256, 275, 299, 236, 322, 270, 234, 300, 301, 306, 314, 318, 319, 320, 317, 313, 312, 293, 272, 238, 284, 256, 262, 282, 295, 300, 305, 303], ["18", 278, 394, 389, 374, 347, 356, 388, 262, 270, 418, 318, 375, 387, 398, 407, 414, 411, 413, 415, 408, 397, 380, 353, 315, 372, 264, 348, 364, 389, 392, 399, 396], ["19", 240, 338, 333, 325, 301, 302, 332, 233, 234, 318, 354, 336, 331, 341, 345, 352, 352, 352, 350, 348, 343, 319, 311, 300, 320, 233, 310, 320, 330, 339, 346, 343], ["2", 299, 432, 439, 398, 367, 388, 444, 297, 300, 375, 336, 484, 427, 448, 471, 479, 477, 479, 478, 473, 452, 422, 401, 330, 381, 293, 386, 396, 439, 433, 443, 439], ["20", 302, 448, 448, 406, 379, 389, 438, 298, 301, 387, 331, 427, 494, 469, 482, 487, 487, 490, 490, 484, 467, 440, 387, 340, 397, 298, 385, 403, 452, 445, 454, 454], ["21", 312, 465, 473, 421, 399, 404, 458, 306, 306, 398, 341, 448, 469, 531, 520, 525, 519, 524, 522, 521, 497, 463, 408, 336, 404, 302, 406, 415, 474, 462, 478, 478], ["22", 319, 492, 502, 436, 414, 424, 485, 312, 314, 407, 345, 471, 482, 520, 572, 566, 559, 565, 565, 561, 526, 482, 430, 345, 415, 311, 418, 430, 501, 487, 501, 500], ["23", 325, 498, 510, 443, 418, 433, 493, 317, 318, 414, 352, 479, 487, 525, 566, 582, 572, 575, 573, 568, 536, 487, 437, 351, 421, 316, 424, 438, 505, 493, 507, 507], ["24", 324, 495, 506, 443, 414, 431, 489, 317, 319, 411, 352, 477, 487, 519, 559, 572, 575, 572, 567, 560, 531, 483, 433, 352, 419, 314, 420, 435, 501, 491, 503, 504], ["25", 324, 497, 508, 444, 419, 432, 492, 318, 320, 413, 352, 479, 490, 524, 565, 575, 572, 580, 572, 565, 535, 486, 436, 352, 422, 316, 423, 437, 505, 494, 507, 507], ["26", 322, 498, 509, 442, 419, 432, 492, 314, 317, 415, 350, 478, 490, 522, 565, 573, 567, 572, 580, 565, 533, 485, 437, 351, 422, 314, 422, 437, 505, 494, 505, 505], ["27", 321, 493, 503, 437, 415, 428, 490, 314, 313, 408, 348, 473, 484, 521, 561, 568, 560, 565, 565, 574, 530, 480, 434, 347, 415, 311, 419, 432, 500, 487, 502, 501], ["28", 312, 470, 482, 427, 402, 410, 464, 303, 312, 397, 343, 452, 467, 497, 526, 536, 531, 535, 533, 530, 542, 466, 412, 341, 408, 304, 402, 418, 477, 467, 484, 481], ["29", 301, 442, 445, 402, 380, 383, 442, 293, 293, 380, 319, 422, 440, 463, 482, 487, 483, 486, 485, 480, 466, 493, 387, 323, 388, 294, 386, 389, 445, 436, 447, 444], ["3", 272, 405, 410, 383, 349, 376, 409, 271, 272, 353, 311, 401, 387, 408, 430, 437, 433, 436, 437, 434, 412, 387, 441, 307, 356, 267, 356, 373, 410, 401, 411, 410], ["30", 234, 339, 335, 329, 300, 312, 335, 222, 238, 315, 300, 330, 340, 336, 345, 351, 352, 352, 351, 347, 341, 323, 307, 353, 317, 231, 306, 324, 333, 344, 348, 344], ["31", 284, 401, 392, 379, 354, 363, 392, 271, 284, 372, 320, 381, 397, 404, 415, 421, 419, 422, 422, 415, 408, 388, 356, 317, 425, 274, 355, 367, 395, 398, 404, 402], ["32", 240, 296, 294, 280, 262, 270, 296, 235, 256, 264, 233, 293, 298, 302, 311, 316, 314, 316, 314, 311, 304, 294, 267, 231, 274, 317, 270, 278, 293, 294, 299, 294], ["4", 275, 395, 394, 372, 362, 356, 393, 273, 262, 348, 310, 386, 385, 406, 418, 424, 420, 423, 422, 419, 402, 386, 356, 306, 355, 270, 425, 367, 392, 390, 396, 398], ["5", 281, 415, 410, 391, 369, 376, 407, 278, 282, 364, 320, 396, 403, 415, 430, 438, 435, 437, 437, 432, 418, 389, 373, 324, 367, 278, 367, 441, 412, 413, 422, 419], ["6", 299, 469, 485, 421, 398, 404, 454, 294, 295, 389, 330, 439, 452, 474, 501, 505, 501, 505, 505, 500, 477, 445, 410, 333, 395, 293, 392, 412, 513, 471, 477, 474], ["7", 301, 475, 471, 419, 397, 404, 447, 290, 300, 392, 339, 433, 445, 462, 487, 493, 491, 494, 494, 487, 467, 436, 401, 344, 398, 294, 390, 413, 471, 501, 483, 478], ["8", 312, 481, 479, 429, 403, 409, 457, 299, 305, 399, 346, 443, 454, 478, 501, 507, 503, 507, 505, 502, 484, 447, 411, 348, 404, 299, 396, 422, 477, 483, 514, 497], ["9", 306, 486, 476, 425, 399, 407, 453, 296, 303, 396, 343, 439, 454, 478, 500, 507, 504, 507, 505, 501, 481, 444, 410, 344, 402, 294, 398, 419, 474, 478, 497, 514]], "referencesCell": {"1": {"1": [2161793, 2161996, 2161748, 2162077, 2161858, 2161800, 2161852, 2161486, 2161440, 2161576, 2162024, 2161461, 2162026, 2161685, 2161577, 2161798, 2161612, 2161766, 2161650, 2161458, 2161990, 2162011, 2161493, 2162082, 2161734, 2162032, 2161807, 2161891, 2161826, 2162022, 2161716, 2162004, 2161521, 2161964, 2161645, 2161973, 2161745, 2161907, 2161859, 2161610, 2161507, 2161760, 2161876, 2161508, 2161710, 2161403, 2161621, 2161726, 2161791, 2161797, 2162075, 2161756, 2161735, 2161894, 2161643, 2161574, 2161470, 2161457, 2161856, 2162079, 2161884, 2161829, 2161506, 2161832, 2161732, 2161827, 2161588, 2161943, 2161928, 2162040, 2162042, 2161578, 2161546, 2161485, 2161940, 2161594, 2162050, 2161462, 2161803, 2162028, 2161451, 2161444, 2161657, 2161762, 2161498, 2161678, 2161561, 2161600, 2161563, 2161944, 2161617, 2162038, 2162059, 2161684, 2161917, 2161736, 2161548, 2161680, 2161855, 2161512, 2161866, 2162073, 2161505, 2161484, 2161978, 2161633, 2161994, 2161584, 2161687, 2161693, 2161738, 2161750, 2161837, 2161579, 2161694, 2161883, 2161412, 2161642, 2161609, 2161566, 2161975, 2161788, 2161979, 2161491, 2162013, 2161945, 2161628, 2161435, 2161731, 2162069, 2162072, 2161551, 2161455, 2161923, 2162063, 2161554, 2161823, 2161785, 2161541, 2161902, 2161908, 2161921, 2161956, 2161711, 2161513, 2161469, 2161528, 2161668, 2161854, 2161717, 2161682, 2161523, 2161558, 2161613, 2161401, 2162015, 2161417, 2161538, 2161453, 2161544, 2161969, 2161624, 2161553, 2161651, 2162046, 2161835, 2161517, 2161664, 2161843, 2161573, 2161540, 2161713, 2161782, 2161968, 2161442, 2161552, 2161592, 2161958, 2161463, 2161654, 2161447, 2161589, 2161476, 2161867, 2161769, 2161539, 2161647, 2161931, 2161938, 2162001, 2161591, 2161809, 2161497, 2161422, 2161471, 2161820, 2161892, 2161655, 2161629, 2161790, 2161887, 2161519, 2161781, 2161652, 2161834, 2161439, 2161761, 2161888, 2161627, 2161712, 2161874, 2162014, 2161725, 2161701, 2161418, 2161912, 2161877, 2161767, 2161763, 2161475, 2161918, 2162071, 2161751, 2162000, 2162006, 2161784, 2161993, 2161995, 2161886, 2161438, 2161414, 2161972, 2161939, 2161474, 2161575, 2161686, 2161669, 2161663, 2161727, 2161821, 2161900, 2161631, 2161906, 2161516, 2161895, 2161583, 2162048, 2161596, 2161409, 2161452, 2161556, 2161899, 2162025, 2161404, 2161529, 2161819, 2161749, 2161702, 2162061, 2161635, 2161586, 2161601, 2161415, 2161808, 2161522, 2161825, 2161614, 2161721, 2161959, 2161815, 2161987, 2161936, 2161954, 2161518, 2161446, 2161868, 2161524, 2161542, 2162010, 2162035, 2161801, 2162031, 2162039, 2162041, 2161632, 2162012, 2161496, 2161597, 2161730, 2161841, 2161919, 2162033, 2162002, 2161705, 2161952, 2161897, 2161967, 2161992, 2161771, 2161532, 2161719, 2161998, 2161817, 2161400, 2161530, 2161504, 2161676, 2161911, 2161851, 2161893, 2161933, 2162056, 2161787, 2161799, 2161436, 2161445, 2161953, 2162081, 2161860, 2161454, 2161864, 2162045, 2161722, 2161580, 2161806, 2161772, 2161941, 2161962, 2161688, 2161413, 2161437, 2161630, 2161872, 2162003, 2161679, 2161658, 2161991, 2161427, 2161626, 2161525, 2161828, 2161550, 2161494, 2161492, 2161434, 2162021, 2161863, 2161747, 2162066, 2161746, 2161495, 2161733, 2161905, 2161531, 2161831, 2161698, 2161885, 2161587, 2161653, 2161659, 2161770, 2161957, 2161850, 2161934, 2161488, 2161804, 2161875, 2161582, 2161441, 2162005, 2162058, 2161449, 2161898, 2161932, 2161999, 2161692, 2161419, 2162074, 2161634, 2161527, 2161472, 2161786, 2161842, 2161402, 2161448, 2162007, 2161805, 2161411, 2162044, 2161585, 2161757, 2161677, 2161904, 2161796, 2161421, 2161838, 2161822, 2161773, 2161861, 2161660, 2161477, 2161930, 2161961, 2161426, 2161720, 2161752, 2161543, 2161526, 2161593, 2161487, 2161818, 2161689, 2161764, 2161759, 2161407, 2161666, 2162008, 2161836, 2162064, 2161699, 2161737, 2161683, 2161929, 2161922, 2161909, 2161695, 2162057, 2161623, 2161644, 2161581, 2161955, 2161424, 2161792, 2161920, 2161691, 2161665, 2161607, 2161765, 2162078, 2161557, 2161616, 2162009, 2161780, 2161450, 2161871, 2162083, 2162070, 2161795, 2162062, 2161960, 2161482, 2161924, 2161667, 2161889, 2161824, 2161783, 2161753, 2161399, 2161405, 2161714, 2161515, 2161408, 2161739, 2161547, 2161572, 2161459, 2161545, 2161520, 2161661, 2161560, 2161754, 2161890, 2161478, 2161997, 2161848, 2161590, 2161927, 2161704, 2161926, 2161562, 2161925, 2161489, 2161724, 2161622, 2161481, 2161618, 2161839, 2161963, 2161619, 2161483, 2161555, 2161428, 2161646, 2161802, 2161862, 2161460, 2161456, 2161896, 2162068, 2161980, 2161703, 2161935, 2162060, 2161559, 2161910, 2161420], "20": [2161793, 2161996, 2161748, 2162077, 2161858, 2161800, 2161852, 2161486, 2161440, 2161576, 2162024, 2161461, 2161685, 2161577, 2161798, 2161612, 2161766, 2161650, 2161458, 2161990, 2162011, 2161493, 2162082, 2161734, 2162032, 2161807, 2161826, 2162022, 2161716, 2162004, 2161521, 2161964, 2161645, 2161973, 2161745, 2161907, 2161859, 2161610, 2161507, 2161760, 2161876, 2161508, 2161710, 2161403, 2161726, 2161791, 2161797, 2162075, 2161756, 2161735, 2161894, 2161643, 2161574, 2161470, 2161457, 2161856, 2162079, 2161884, 2161829, 2161506, 2161832, 2161732, 2161827, 2161588, 2161943, 2161928, 2161578, 2161546, 2161485, 2161940, 2161594, 2162050, 2161462, 2161803, 2162028, 2161451, 2161444, 2161657, 2161762, 2161498, 2161678, 2161561, 2161600, 2161563, 2161944, 2162038, 2162059, 2161684, 2161917, 2161736, 2161548, 2161680, 2161855, 2161512, 2161866, 2162073, 2161484, 2161978, 2161633, 2161994, 2161584, 2161687, 2161693, 2161738, 2161750, 2161837, 2161694, 2161883, 2161412, 2161642, 2161609, 2161566, 2161975, 2161788, 2161491, 2162013, 2161945, 2161628, 2161435, 2161731, 2162069, 2162072, 2161551, 2161455, 2161923, 2162063, 2161823, 2161785, 2161541, 2161902, 2161908, 2161921, 2161956, 2161711, 2161513, 2161528, 2161668, 2161854, 2161717, 2161682, 2161523, 2161558, 2161613, 2161401, 2162015, 2161417, 2161538, 2161453, 2161544, 2161969, 2161624, 2161651, 2162046, 2161835, 2161517, 2161664, 2161573, 2161540, 2161713, 2161782, 2161442, 2161552, 2161592, 2161958, 2161463, 2161654, 2161447, 2161589, 2161476, 2161867, 2161769, 2161539, 2161647, 2161931, 2161938, 2162001, 2161591, 2161809, 2161497, 2161422, 2161471, 2161820, 2161892, 2161655, 2161629, 2161790, 2161887, 2161519, 2161781, 2161652, 2161834, 2161439, 2161761, 2161888, 2161627, 2161712, 2161874, 2161725, 2161701, 2161418, 2161912, 2161877, 2161767, 2161763, 2161475, 2161918, 2162071, 2161751, 2162006, 2161784, 2161993, 2161995, 2161886, 2161438, 2161414, 2161972, 2161939, 2161474, 2161575, 2161686, 2161669, 2161663, 2161727, 2161821, 2161900, 2161631, 2161906, 2161516, 2161895, 2161583, 2161596, 2161409, 2161452, 2161556, 2161899, 2162025, 2161404, 2161529, 2161819, 2161749, 2161702, 2162061, 2161635, 2161586, 2161601, 2161415, 2161808, 2161522, 2161825, 2161614, 2161721, 2161959, 2161815, 2161987, 2161936, 2161954, 2161518, 2161446, 2161868, 2161524, 2161542, 2162010, 2162035, 2161801, 2162031, 2162039, 2162041, 2161632, 2162012, 2161496, 2161597, 2161730, 2161841, 2161919, 2162033, 2162002, 2161705, 2161952, 2161897, 2161967, 2161992, 2161771, 2161532, 2161719, 2161998, 2161817, 2161400, 2161530, 2161504, 2161676, 2161911, 2161851, 2161893, 2161933, 2162056, 2161436, 2161445, 2161953, 2162081, 2161860, 2161454, 2161864, 2162045, 2161722, 2161580, 2161806, 2161772, 2161941, 2161962, 2161688, 2161413, 2161437, 2161630, 2161872, 2162003, 2161679, 2161658, 2161991, 2161626, 2161525, 2161828, 2161550, 2161494, 2161492, 2161434, 2162021, 2161863, 2161747, 2162066, 2161746, 2161495, 2161733, 2161905, 2161531, 2161698, 2161885, 2161587, 2161653, 2161659, 2161770, 2161850, 2161934, 2161488, 2161804, 2161875, 2161582, 2161441, 2162005, 2162058, 2161449, 2161898, 2161932, 2161999, 2161692, 2161419, 2162074, 2161634, 2161527, 2161472, 2161786, 2161842, 2161402, 2161448, 2162007, 2161805, 2161411, 2162044, 2161757, 2161677, 2161904, 2161796, 2161421, 2161838, 2161822, 2161773, 2161861, 2161660, 2161477, 2161930, 2161961, 2161720, 2161752, 2161543, 2161526, 2161593, 2161487, 2161818, 2161689, 2161764, 2161759, 2161407, 2161666, 2162008, 2161836, 2162064, 2161699, 2161737, 2161683, 2161929, 2161922, 2161909, 2161695, 2161623, 2161644, 2161581, 2161955, 2161424, 2161792, 2161920, 2161691, 2161607, 2162078, 2161557, 2161616, 2162009, 2161780, 2161450, 2161871, 2162083, 2162070, 2161795, 2162062, 2161960, 2161482, 2161667, 2161889, 2161824, 2161783, 2161753, 2161399, 2161405, 2161408, 2161739, 2161547, 2161572, 2161459, 2161545, 2161520, 2161661, 2161560, 2161754, 2161890, 2161478, 2161997, 2161848, 2161590, 2161926, 2161562, 2161925, 2161489, 2161724, 2161618, 2161839, 2161963, 2161483, 2161555, 2161428, 2161646, 2161802, 2161862, 2161460, 2161456, 2161896, 2162068, 2161980, 2161703, 2161935, 2161559, 2161910, 2161420], "5": [2161793, 2161996, 2161748, 2161858, 2161800, 2161852, 2161440, 2162024, 2161461, 2162026, 2161685, 2161798, 2161612, 2161766, 2161650, 2161458, 2161990, 2162011, 2161493, 2162082, 2161734, 2162032, 2161807, 2161891, 2162022, 2161521, 2161964, 2161645, 2161973, 2161745, 2161907, 2161859, 2161610, 2161507, 2161760, 2161508, 2161710, 2161403, 2161726, 2161791, 2161797, 2162075, 2161756, 2161735, 2161643, 2161574, 2161470, 2161457, 2161856, 2162079, 2161884, 2161829, 2161506, 2161832, 2161732, 2161827, 2161588, 2161943, 2161928, 2162040, 2161578, 2161546, 2161485, 2161594, 2162050, 2161462, 2161803, 2162028, 2161451, 2161762, 2161498, 2161678, 2161561, 2161600, 2161563, 2161944, 2162038, 2162059, 2161684, 2161917, 2161548, 2161680, 2161855, 2161512, 2161866, 2162073, 2161978, 2161994, 2161584, 2161687, 2161693, 2161837, 2161579, 2161883, 2161412, 2161642, 2161609, 2161566, 2161975, 2161788, 2161979, 2161491, 2162013, 2161945, 2161628, 2161435, 2161731, 2162069, 2162072, 2161551, 2162063, 2161554, 2161785, 2161541, 2161902, 2161908, 2161921, 2161956, 2161711, 2161513, 2161528, 2161668, 2161854, 2161717, 2161682, 2161523, 2161558, 2161613, 2161401, 2162015, 2161417, 2161538, 2161453, 2161544, 2161969, 2161624, 2161651, 2162046, 2161835, 2161573, 2161540, 2161713, 2161782, 2161968, 2161442, 2161552, 2161447, 2161476, 2161867, 2161769, 2161539, 2161647, 2161938, 2162001, 2161591, 2161809, 2161497, 2161422, 2161471, 2161892, 2161629, 2161790, 2161887, 2161519, 2161781, 2161652, 2161834, 2161439, 2161888, 2161712, 2161874, 2162014, 2161725, 2161418, 2161912, 2161877, 2161767, 2161475, 2161918, 2162071, 2161751, 2162000, 2161784, 2161993, 2161995, 2161438, 2161414, 2161972, 2161939, 2161474, 2161575, 2161686, 2161669, 2161663, 2161727, 2161821, 2161900, 2161631, 2161906, 2161516, 2161895, 2161583, 2161596, 2161556, 2162025, 2161404, 2161819, 2161749, 2161702, 2162061, 2161635, 2161586, 2161601, 2161808, 2161522, 2161825, 2161614, 2161721, 2161959, 2161815, 2161987, 2161954, 2161518, 2161446, 2161868, 2161524, 2161542, 2162010, 2162035, 2161801, 2162031, 2162039, 2161597, 2161730, 2161919, 2162033, 2162002, 2161705, 2161952, 2161897, 2161967, 2161992, 2161771, 2161532, 2161719, 2161998, 2161817, 2161400, 2161530, 2161676, 2161911, 2161893, 2161933, 2161787, 2161799, 2161436, 2161445, 2161953, 2162081, 2161860, 2161454, 2161864, 2162045, 2161722, 2161806, 2161413, 2161437, 2161872, 2162003, 2161679, 2161658, 2161427, 2161626, 2161525, 2161550, 2161492, 2161434, 2162021, 2161863, 2161747, 2162066, 2161746, 2161733, 2161531, 2161831, 2161698, 2161885, 2161653, 2161770, 2161957, 2161850, 2161934, 2161488, 2161804, 2161582, 2161441, 2162005, 2162058, 2161449, 2161898, 2161692, 2161419, 2162074, 2161634, 2161527, 2161472, 2161786, 2161842, 2161402, 2161448, 2162007, 2161805, 2161411, 2162044, 2161585, 2161757, 2161677, 2161796, 2161421, 2161838, 2161822, 2161861, 2161660, 2161477, 2161961, 2161426, 2161720, 2161752, 2161543, 2161526, 2161593, 2161487, 2161818, 2161689, 2161764, 2161759, 2161407, 2162008, 2161836, 2161737, 2161683, 2161922, 2161909, 2161695, 2161644, 2161581, 2161955, 2161424, 2161792, 2161920, 2161691, 2161665, 2161607, 2162078, 2161557, 2161616, 2162009, 2161450, 2161871, 2162083, 2162070, 2161795, 2162062, 2161960, 2161482, 2161924, 2161667, 2161889, 2161783, 2161753, 2161399, 2161714, 2161515, 2161408, 2161547, 2161572, 2161545, 2161520, 2161661, 2161560, 2161754, 2161478, 2161848, 2161927, 2161926, 2161562, 2161925, 2161489, 2161622, 2161618, 2161839, 2161963, 2161483, 2161555, 2161428, 2161802, 2161862, 2161456, 2161896, 2162068, 2161980, 2161703, 2162060, 2161559, 2161910, 2161420], "29": [2161793, 2161996, 2161748, 2162077, 2161800, 2161852, 2161486, 2161440, 2161576, 2162024, 2161461, 2162026, 2161685, 2161577, 2161798, 2161612, 2161766, 2161650, 2161458, 2161990, 2162011, 2161493, 2162082, 2161734, 2162032, 2161807, 2161891, 2161826, 2162022, 2161716, 2162004, 2161521, 2161964, 2161645, 2161973, 2161745, 2161907, 2161859, 2161610, 2161507, 2161760, 2161876, 2161508, 2161710, 2161403, 2161621, 2161726, 2161791, 2161797, 2162075, 2161756, 2161735, 2161894, 2161643, 2161574, 2161470, 2161457, 2161856, 2162079, 2161884, 2161829, 2161506, 2161832, 2161732, 2161827, 2161588, 2161943, 2161928, 2162040, 2162042, 2161578, 2161546, 2161485, 2161940, 2161594, 2162050, 2161462, 2161803, 2162028, 2161451, 2161444, 2161657, 2161762, 2161498, 2161678, 2161561, 2161600, 2161563, 2161617, 2162038, 2162059, 2161684, 2161917, 2161736, 2161548, 2161680, 2161855, 2161512, 2161866, 2162073, 2161505, 2161484, 2161978, 2161994, 2161584, 2161687, 2161693, 2161738, 2161750, 2161837, 2161579, 2161694, 2161883, 2161412, 2161642, 2161566, 2161975, 2161788, 2161979, 2161491, 2162013, 2161945, 2161628, 2161435, 2161731, 2162069, 2162072, 2161551, 2161455, 2161923, 2162063, 2161554, 2161823, 2161785, 2161541, 2161902, 2161908, 2161921, 2161956, 2161711, 2161513, 2161469, 2161528, 2161668, 2161854, 2161717, 2161682, 2161523, 2161558, 2161613, 2161401, 2162015, 2161417, 2161538, 2161453, 2161544, 2161969, 2161624, 2161651, 2162046, 2161517, 2161664, 2161843, 2161573, 2161540, 2161713, 2161782, 2161968, 2161442, 2161552, 2161592, 2161958, 2161463, 2161654, 2161447, 2161589, 2161476, 2161867, 2161769, 2161647, 2161931, 2161938, 2162001, 2161591, 2161809, 2161497, 2161422, 2161471, 2161820, 2161892, 2161655, 2161629, 2161790, 2161887, 2161519, 2161781, 2161652, 2161834, 2161439, 2161761, 2161888, 2161627, 2161712, 2161874, 2162014, 2161725, 2161701, 2161418, 2161912, 2161877, 2161767, 2161475, 2161918, 2162071, 2161751, 2162006, 2161784, 2161993, 2161995, 2161886, 2161438, 2161414, 2161972, 2161939, 2161474, 2161575, 2161686, 2161669, 2161663, 2161727, 2161821, 2161900, 2161631, 2161906, 2161516, 2161895, 2161583, 2162048, 2161596, 2161409, 2161452, 2161556, 2161899, 2162025, 2161404, 2161529, 2161819, 2161749, 2161702, 2162061, 2161635, 2161586, 2161601, 2161415, 2161808, 2161522, 2161825, 2161721, 2161959, 2161815, 2161987, 2161954, 2161518, 2161446, 2161868, 2161524, 2161542, 2162010, 2162035, 2161801, 2162031, 2162039, 2161632, 2161496, 2161597, 2161730, 2161841, 2161919, 2162033, 2162002, 2161705, 2161952, 2161897, 2161967, 2161992, 2161532, 2161719, 2161998, 2161817, 2161400, 2161530, 2161504, 2161676, 2161911, 2161851, 2161893, 2161933, 2161799, 2161436, 2161445, 2161953, 2162081, 2161860, 2161454, 2161864, 2162045, 2161722, 2161580, 2161806, 2161941, 2161962, 2161688, 2161413, 2161437, 2161872, 2162003, 2161679, 2161658, 2161991, 2161427, 2161626, 2161525, 2161828, 2161550, 2161494, 2161492, 2161434, 2162021, 2161863, 2161747, 2162066, 2161746, 2161495, 2161733, 2161531, 2161831, 2161698, 2161587, 2161653, 2161659, 2161770, 2161957, 2161850, 2161934, 2161488, 2161804, 2161875, 2161582, 2161441, 2162005, 2161449, 2161898, 2161999, 2161692, 2161419, 2162074, 2161527, 2161472, 2161786, 2161842, 2161402, 2161448, 2162007, 2161805, 2161411, 2162044, 2161585, 2161757, 2161677, 2161796, 2161421, 2161838, 2161822, 2161861, 2161660, 2161477, 2161930, 2161961, 2161426, 2161720, 2161752, 2161543, 2161526, 2161593, 2161487, 2161818, 2161689, 2161764, 2161759, 2161407, 2161666, 2162008, 2161836, 2162064, 2161737, 2161683, 2161929, 2161922, 2161909, 2161695, 2162057, 2161623, 2161644, 2161581, 2161955, 2161424, 2161792, 2161920, 2161691, 2161665, 2161607, 2162078, 2161557, 2161616, 2162009, 2161780, 2161871, 2162083, 2162070, 2161795, 2162062, 2161960, 2161482, 2161924, 2161667, 2161889, 2161824, 2161783, 2161753, 2161399, 2161515, 2161408, 2161739, 2161572, 2161459, 2161545, 2161520, 2161661, 2161560, 2161754, 2161890, 2161478, 2161997, 2161848, 2161590, 2161927, 2161704, 2161926, 2161562, 2161925, 2161489, 2161724, 2161622, 2161481, 2161618, 2161839, 2161963, 2161619, 2161483, 2161555, 2161428, 2161646, 2161802, 2161862, 2161460, 2161456, 2161896, 2162068, 2161980, 2161703, 2161935, 2162060, 2161559, 2161910, 2161420], "2": [2161793, 2161996, 2161748, 2162077, 2161800, 2161852, 2161486, 2161440, 2161576, 2162024, 2161461, 2162026, 2161685, 2161577, 2161798, 2161612, 2161766, 2161650, 2161458, 2161990, 2162011, 2161493, 2162082, 2162032, 2161807, 2161891, 2162022, 2162004, 2161521, 2161964, 2161645, 2161973, 2161745, 2161859, 2161610, 2161507, 2161760, 2161876, 2161508, 2161710, 2161403, 2161621, 2161726, 2161791, 2161797, 2162075, 2161756, 2161735, 2161894, 2161643, 2161574, 2161470, 2161856, 2162079, 2161884, 2161829, 2161506, 2161832, 2161732, 2161827, 2161588, 2161943, 2161928, 2162040, 2162042, 2161578, 2161546, 2161485, 2161940, 2161594, 2161462, 2161803, 2162028, 2161451, 2161444, 2161657, 2161762, 2161498, 2161678, 2161561, 2161600, 2161563, 2161944, 2161617, 2162038, 2162059, 2161684, 2161736, 2161548, 2161680, 2161855, 2161512, 2161866, 2162073, 2161505, 2161484, 2161978, 2161994, 2161584, 2161687, 2161693, 2161738, 2161750, 2161837, 2161579, 2161694, 2161883, 2161412, 2161642, 2161609, 2161566, 2161975, 2161788, 2161979, 2161491, 2162013, 2161945, 2161435, 2161731, 2162069, 2162072, 2161551, 2161455, 2161923, 2162063, 2161554, 2161785, 2161541, 2161902, 2161908, 2161921, 2161956, 2161711, 2161513, 2161469, 2161528, 2161668, 2161717, 2161682, 2161523, 2161558, 2161613, 2161401, 2162015, 2161417, 2161538, 2161453, 2161544, 2161969, 2161624, 2161651, 2162046, 2161517, 2161843, 2161573, 2161540, 2161713, 2161782, 2161968, 2161442, 2161552, 2161592, 2161958, 2161463, 2161654, 2161447, 2161589, 2161476, 2161867, 2161539, 2161647, 2161931, 2161938, 2162001, 2161591, 2161809, 2161497, 2161422, 2161471, 2161820, 2161892, 2161655, 2161629, 2161790, 2161887, 2161519, 2161781, 2161652, 2161834, 2161439, 2161761, 2161888, 2161627, 2161712, 2161874, 2161725, 2161701, 2161418, 2161912, 2161877, 2161763, 2161475, 2161918, 2162071, 2161751, 2162006, 2161784, 2161993, 2161995, 2161886, 2161438, 2161414, 2161972, 2161939, 2161474, 2161575, 2161686, 2161663, 2161727, 2161821, 2161900, 2161631, 2161906, 2161516, 2161583, 2162048, 2161596, 2161409, 2161452, 2161556, 2161899, 2162025, 2161404, 2161529, 2161819, 2161749, 2161702, 2162061, 2161635, 2161586, 2161601, 2161415, 2161808, 2161522, 2161825, 2161614, 2161721, 2161959, 2161815, 2161987, 2161936, 2161954, 2161518, 2161446, 2161868, 2161524, 2161542, 2162010, 2162035, 2161801, 2162031, 2162039, 2162041, 2161632, 2162012, 2161496, 2161597, 2161730, 2161841, 2161919, 2162033, 2162002, 2161705, 2161952, 2161897, 2161967, 2161992, 2161532, 2161719, 2161998, 2161817, 2161400, 2161530, 2161504, 2161676, 2161911, 2161851, 2161893, 2161933, 2162056, 2161799, 2161436, 2161445, 2161953, 2162081, 2161860, 2161454, 2161864, 2162045, 2161722, 2161580, 2161806, 2161772, 2161941, 2161962, 2161688, 2161413, 2161437, 2161630, 2161872, 2162003, 2161679, 2161658, 2161991, 2161427, 2161626, 2161525, 2161828, 2161550, 2161494, 2161492, 2161434, 2162021, 2161863, 2161747, 2162066, 2161746, 2161495, 2161733, 2161905, 2161531, 2161831, 2161698, 2161587, 2161653, 2161770, 2161957, 2161850, 2161934, 2161488, 2161804, 2161875, 2161582, 2161441, 2162005, 2162058, 2161449, 2161898, 2161932, 2161999, 2161692, 2162074, 2161634, 2161527, 2161472, 2161786, 2161842, 2161402, 2162007, 2161805, 2161411, 2162044, 2161585, 2161677, 2161904, 2161796, 2161421, 2161838, 2161822, 2161773, 2161861, 2161660, 2161477, 2161961, 2161426, 2161720, 2161752, 2161543, 2161593, 2161487, 2161818, 2161689, 2161764, 2161759, 2161407, 2161666, 2162008, 2161836, 2162064, 2161699, 2161683, 2161929, 2161922, 2161909, 2161695, 2162057, 2161623, 2161644, 2161581, 2161955, 2161424, 2161792, 2161920, 2161691, 2161665, 2161607, 2161765, 2162078, 2161557, 2161616, 2162009, 2161780, 2161450, 2161871, 2162083, 2162070, 2161795, 2162062, 2161960, 2161482, 2161924, 2161667, 2161889, 2161824, 2161783, 2161753, 2161399, 2161714, 2161515, 2161408, 2161739, 2161547, 2161459, 2161545, 2161520, 2161661, 2161560, 2161754, 2161890, 2161478, 2161997, 2161848, 2161590, 2161704, 2161926, 2161562, 2161925, 2161489, 2161724, 2161622, 2161481, 2161618, 2161839, 2161963, 2161483, 2161555, 2161428, 2161646, 2161802, 2161862, 2161460, 2161456, 2161896, 2162068, 2161980, 2161703, 2161935, 2162060, 2161559, 2161910, 2161420], "18": [2161793, 2161996, 2161748, 2162077, 2161858, 2161800, 2161852, 2161486, 2161440, 2161576, 2162024, 2161461, 2162026, 2161685, 2161577, 2161798, 2161612, 2161766, 2161650, 2161458, 2161990, 2162011, 2161493, 2162082, 2161734, 2162032, 2161807, 2161891, 2161826, 2162022, 2161716, 2162004, 2161521, 2161964, 2161645, 2161973, 2161745, 2161907, 2161859, 2161610, 2161507, 2161760, 2161876, 2161508, 2161710, 2161403, 2161621, 2161726, 2161791, 2161797, 2162075, 2161756, 2161735, 2161894, 2161643, 2161574, 2161470, 2161457, 2161856, 2162079, 2161884, 2161829, 2161506, 2161832, 2161732, 2161827, 2161588, 2161943, 2161928, 2162040, 2162042, 2161578, 2161546, 2161485, 2161940, 2161594, 2162050, 2161462, 2161803, 2162028, 2161451, 2161444, 2161657, 2161762, 2161498, 2161678, 2161561, 2161600, 2161563, 2161944, 2161617, 2162038, 2162059, 2161684, 2161917, 2161736, 2161548, 2161680, 2161855, 2161512, 2161866, 2162073, 2161505, 2161484, 2161978, 2161633, 2161994, 2161584, 2161687, 2161693, 2161738, 2161750, 2161837, 2161579, 2161694, 2161883, 2161412, 2161642, 2161609, 2161566, 2161975, 2161788, 2161491, 2162013, 2161945, 2161628, 2161435, 2161731, 2162069, 2162072, 2161551, 2161455, 2162063, 2161554, 2161823, 2161785, 2161541, 2161902, 2161908, 2161921, 2161956, 2161711, 2161513, 2161528, 2161668, 2161854, 2161717, 2161682, 2161523, 2161558, 2161613, 2161401, 2162015, 2161417, 2161538, 2161453, 2161544, 2161969, 2161624, 2161651, 2162046, 2161517, 2161664, 2161843, 2161573, 2161540, 2161713, 2161782, 2161968, 2161442, 2161552, 2161592, 2161958, 2161463, 2161654, 2161447, 2161589, 2161476, 2161867, 2161769, 2161539, 2161647, 2161931, 2161938, 2162001, 2161591, 2161809, 2161497, 2161422, 2161471, 2161820, 2161892, 2161655, 2161629, 2161790, 2161887, 2161519, 2161781, 2161652, 2161834, 2161439, 2161761, 2161888, 2161627, 2161712, 2161874, 2162014, 2161725, 2161701, 2161418, 2161912, 2161877, 2161767, 2161763, 2161475, 2161918, 2162071, 2161751, 2162000, 2162006, 2161784, 2161993, 2161995, 2161886, 2161438, 2161414, 2161972, 2161939, 2161474, 2161575, 2161686, 2161669, 2161663, 2161727, 2161821, 2161900, 2161631, 2161906, 2161516, 2161895, 2161583, 2162048, 2161596, 2161409, 2161452, 2161556, 2161899, 2162025, 2161404, 2161529, 2161819, 2161749, 2161702, 2162061, 2161635, 2161586, 2161601, 2161415, 2161808, 2161522, 2161825, 2161614, 2161721, 2161959, 2161815, 2161987, 2161936, 2161954, 2161518, 2161446, 2161868, 2161524, 2161542, 2162010, 2162035, 2161801, 2162031, 2162039, 2162041, 2161632, 2162012, 2161496, 2161597, 2161730, 2161841, 2161919, 2162033, 2162002, 2161705, 2161952, 2161897, 2161967, 2161992, 2161771, 2161532, 2161998, 2161817, 2161400, 2161530, 2161504, 2161676, 2161911, 2161851, 2161893, 2161933, 2162056, 2161787, 2161799, 2161436, 2161445, 2161953, 2162081, 2161860, 2161454, 2161864, 2162045, 2161722, 2161580, 2161806, 2161772, 2161941, 2161962, 2161688, 2161413, 2161437, 2161630, 2161872, 2162003, 2161679, 2161658, 2161991, 2161427, 2161626, 2161525, 2161828, 2161550, 2161494, 2161492, 2161434, 2162021, 2161863, 2161747, 2162066, 2161746, 2161495, 2161733, 2161905, 2161531, 2161831, 2161698, 2161885, 2161587, 2161653, 2161659, 2161770, 2161957, 2161850, 2161934, 2161488, 2161804, 2161875, 2161582, 2161441, 2162005, 2162058, 2161449, 2161898, 2161932, 2161999, 2161692, 2161419, 2162074, 2161634, 2161527, 2161472, 2161786, 2161842, 2161402, 2161448, 2162007, 2161805, 2161411, 2162044, 2161585, 2161757, 2161677, 2161904, 2161796, 2161421, 2161838, 2161822, 2161773, 2161861, 2161660, 2161477, 2161930, 2161961, 2161426, 2161720, 2161752, 2161543, 2161526, 2161593, 2161487, 2161818, 2161689, 2161764, 2161759, 2161407, 2161666, 2162008, 2161836, 2162064, 2161699, 2161737, 2161683, 2161929, 2161922, 2161909, 2161695, 2162057, 2161644, 2161581, 2161955, 2161424, 2161792, 2161920, 2161691, 2161665, 2161607, 2161765, 2162078, 2161557, 2161616, 2162009, 2161780, 2161450, 2161871, 2162083, 2162070, 2161795, 2162062, 2161960, 2161482, 2161924, 2161667, 2161889, 2161783, 2161753, 2161399, 2161405, 2161714, 2161515, 2161408, 2161739, 2161547, 2161572, 2161459, 2161545, 2161520, 2161661, 2161560, 2161754, 2161890, 2161478, 2161997, 2161848, 2161590, 2161927, 2161704, 2161926, 2161562, 2161925, 2161489, 2161724, 2161622, 2161481, 2161618, 2161839, 2161963, 2161619, 2161483, 2161555, 2161428, 2161646, 2161802, 2161862, 2161460, 2161456, 2161896, 2162068, 2161980, 2161703, 2161935, 2162060, 2161559, 2161910, 2161420], "24": [2161793, 2161996, 2161748, 2161858, 2161800, 2161852, 2161440, 2161576, 2162024, 2161461, 2162026, 2161685, 2161577, 2161798, 2161766, 2161458, 2161990, 2162011, 2161493, 2162082, 2161734, 2162032, 2161807, 2161891, 2161826, 2162022, 2161716, 2162004, 2161521, 2161645, 2161973, 2161745, 2161907, 2161859, 2161610, 2161876, 2161508, 2161710, 2161403, 2161726, 2161791, 2162075, 2161756, 2161735, 2161643, 2161574, 2161470, 2161457, 2161856, 2162079, 2161884, 2161829, 2161506, 2161832, 2161732, 2161827, 2161943, 2161928, 2161578, 2161546, 2161485, 2161940, 2161594, 2162050, 2161462, 2162028, 2161451, 2161444, 2161657, 2161762, 2161498, 2161678, 2161561, 2161600, 2161563, 2162038, 2162059, 2161684, 2161917, 2161548, 2161680, 2161855, 2161866, 2162073, 2161484, 2161978, 2161633, 2161994, 2161584, 2161687, 2161693, 2161837, 2161579, 2161694, 2161412, 2161642, 2161566, 2161975, 2161788, 2161979, 2161491, 2162013, 2161945, 2161628, 2161435, 2161731, 2162069, 2162072, 2161551, 2161455, 2161785, 2161541, 2161902, 2161908, 2161921, 2161956, 2161711, 2161513, 2161528, 2161668, 2161717, 2161682, 2161523, 2161558, 2161613, 2161401, 2162015, 2161538, 2161453, 2161544, 2161969, 2161624, 2161651, 2162046, 2161835, 2161517, 2161843, 2161573, 2161540, 2161713, 2161782, 2161968, 2161442, 2161592, 2161958, 2161654, 2161447, 2161589, 2161476, 2161867, 2161769, 2161539, 2161647, 2161938, 2162001, 2161591, 2161809, 2161497, 2161422, 2161471, 2161820, 2161892, 2161655, 2161629, 2161887, 2161519, 2161781, 2161652, 2161834, 2161439, 2161761, 2161888, 2161627, 2161712, 2161874, 2162014, 2161701, 2161418, 2161912, 2161877, 2161767, 2161475, 2161918, 2162071, 2161751, 2162006, 2161784, 2161993, 2161995, 2161886, 2161438, 2161414, 2161972, 2161939, 2161474, 2161575, 2161686, 2161669, 2161663, 2161727, 2161821, 2161900, 2161631, 2161906, 2161895, 2161583, 2161596, 2161409, 2161452, 2161556, 2161899, 2162025, 2161404, 2161819, 2161749, 2161702, 2162061, 2161635, 2161586, 2161601, 2161415, 2161808, 2161522, 2161825, 2161614, 2161721, 2161959, 2161815, 2161987, 2161954, 2161518, 2161446, 2161868, 2161524, 2161542, 2162010, 2162035, 2162031, 2162039, 2162041, 2161632, 2161496, 2161597, 2161730, 2161841, 2162033, 2162002, 2161705, 2161897, 2161967, 2161992, 2161532, 2161719, 2161998, 2161817, 2161400, 2161530, 2161504, 2161676, 2161911, 2161851, 2161893, 2161933, 2161799, 2161436, 2161445, 2161953, 2162081, 2161860, 2161454, 2161864, 2162045, 2161722, 2161580, 2161806, 2161772, 2161941, 2161413, 2161437, 2162003, 2161679, 2161658, 2161427, 2161626, 2161525, 2161550, 2161492, 2161434, 2162021, 2161863, 2161747, 2161746, 2161495, 2161733, 2161531, 2161587, 2161653, 2161659, 2161770, 2161850, 2161934, 2161488, 2161804, 2161582, 2162005, 2161449, 2161898, 2161692, 2161419, 2162074, 2161634, 2161527, 2161472, 2161786, 2161842, 2161402, 2161448, 2162007, 2161805, 2161411, 2162044, 2161757, 2161677, 2161796, 2161421, 2161861, 2161660, 2161477, 2161961, 2161426, 2161720, 2161752, 2161543, 2161526, 2161593, 2161487, 2161818, 2161689, 2161764, 2161759, 2161407, 2161666, 2162008, 2161836, 2162064, 2161683, 2161922, 2161909, 2161695, 2162057, 2161644, 2161581, 2161424, 2161792, 2161920, 2161691, 2161665, 2161607, 2161765, 2162078, 2161616, 2162009, 2161450, 2161871, 2162070, 2161795, 2161960, 2161482, 2161924, 2161889, 2161753, 2161399, 2161405, 2161408, 2161547, 2161572, 2161459, 2161545, 2161661, 2161754, 2161478, 2161848, 2161926, 2161562, 2161925, 2161489, 2161839, 2161963, 2161619, 2161555, 2161428, 2161646, 2161802, 2161456, 2161896, 2161980, 2161703, 2161935, 2162060, 2161559, 2161420], "14": [2161793, 2161996, 2161748, 2162077, 2161858, 2161800, 2161852, 2161486, 2161440, 2161576, 2162024, 2161461, 2162026, 2161685, 2161577, 2161798, 2161612, 2161766, 2161650, 2161458, 2161990, 2162011, 2161493, 2162082, 2161734, 2162032, 2161807, 2161891, 2161826, 2162022, 2161716, 2162004, 2161521, 2161964, 2161645, 2161973, 2161745, 2161907, 2161859, 2161610, 2161507, 2161760, 2161876, 2161508, 2161710, 2161403, 2161621, 2161726, 2161791, 2161797, 2162075, 2161756, 2161735, 2161894, 2161643, 2161574, 2161470, 2161457, 2161856, 2162079, 2161884, 2161829, 2161506, 2161832, 2161732, 2161827, 2161588, 2161943, 2161928, 2162040, 2162042, 2161578, 2161546, 2161485, 2161940, 2161594, 2162050, 2161462, 2161803, 2162028, 2161451, 2161444, 2161657, 2161762, 2161498, 2161678, 2161561, 2161600, 2161563, 2161944, 2161617, 2162038, 2162059, 2161684, 2161917, 2161736, 2161548, 2161680, 2161855, 2161512, 2161866, 2162073, 2161505, 2161484, 2161978, 2161633, 2161994, 2161584, 2161687, 2161693, 2161738, 2161750, 2161837, 2161579, 2161694, 2161883, 2161412, 2161642, 2161609, 2161566, 2161975, 2161788, 2161491, 2162013, 2161945, 2161628, 2161435, 2161731, 2162069, 2162072, 2161551, 2161455, 2161923, 2162063, 2161554, 2161823, 2161785, 2161541, 2161902, 2161908, 2161921, 2161956, 2161711, 2161513, 2161528, 2161668, 2161854, 2161717, 2161682, 2161523, 2161558, 2161613, 2161401, 2162015, 2161417, 2161538, 2161453, 2161544, 2161969, 2161624, 2161651, 2162046, 2161835, 2161517, 2161664, 2161843, 2161540, 2161713, 2161782, 2161968, 2161442, 2161552, 2161592, 2161958, 2161463, 2161654, 2161447, 2161589, 2161476, 2161867, 2161769, 2161539, 2161647, 2161931, 2161938, 2162001, 2161591, 2161809, 2161497, 2161422, 2161471, 2161820, 2161892, 2161655, 2161629, 2161790, 2161887, 2161519, 2161781, 2161652, 2161834, 2161439, 2161761, 2161888, 2161627, 2161712, 2161874, 2162014, 2161725, 2161701, 2161418, 2161912, 2161877, 2161767, 2161763, 2161475, 2161918, 2162071, 2162000, 2162006, 2161784, 2161993, 2161995, 2161886, 2161438, 2161414, 2161972, 2161939, 2161474, 2161575, 2161686, 2161669, 2161663, 2161727, 2161821, 2161900, 2161631, 2161516, 2161895, 2161583, 2162048, 2161596, 2161409, 2161452, 2161556, 2161899, 2162025, 2161404, 2161529, 2161819, 2161749, 2161702, 2162061, 2161635, 2161586, 2161601, 2161415, 2161522, 2161825, 2161614, 2161721, 2161959, 2161815, 2161987, 2161936, 2161954, 2161518, 2161446, 2161868, 2161524, 2161542, 2162010, 2162035, 2161801, 2162031, 2162039, 2162041, 2161632, 2162012, 2161496, 2161597, 2161730, 2161841, 2161919, 2162033, 2162002, 2161705, 2161952, 2161897, 2161992, 2161771, 2161532, 2161719, 2161998, 2161817, 2161400, 2161530, 2161504, 2161676, 2161911, 2161851, 2161893, 2161933, 2162056, 2161799, 2161436, 2161445, 2161953, 2162081, 2161860, 2161454, 2161864, 2162045, 2161722, 2161580, 2161806, 2161772, 2161941, 2161962, 2161688, 2161413, 2161437, 2161630, 2161872, 2162003, 2161679, 2161658, 2161991, 2161427, 2161626, 2161525, 2161828, 2161550, 2161492, 2161434, 2162021, 2161863, 2161747, 2162066, 2161746, 2161495, 2161733, 2161905, 2161531, 2161831, 2161698, 2161885, 2161587, 2161653, 2161659, 2161770, 2161957, 2161850, 2161934, 2161488, 2161804, 2161875, 2161582, 2161441, 2162005, 2162058, 2161449, 2161898, 2161932, 2161999, 2161692, 2161419, 2162074, 2161634, 2161527, 2161472, 2161786, 2161842, 2161402, 2161448, 2162007, 2161805, 2161411, 2162044, 2161585, 2161757, 2161677, 2161904, 2161796, 2161421, 2161838, 2161822, 2161773, 2161861, 2161660, 2161477, 2161930, 2161961, 2161426, 2161720, 2161752, 2161543, 2161526, 2161593, 2161487, 2161818, 2161689, 2161764, 2161759, 2161407, 2161666, 2162008, 2161836, 2162064, 2161699, 2161683, 2161929, 2161922, 2161695, 2162057, 2161623, 2161644, 2161581, 2161955, 2161424, 2161792, 2161920, 2161691, 2161665, 2161607, 2161765, 2162078, 2161557, 2161616, 2162009, 2161780, 2161450, 2161871, 2162083, 2162070, 2161795, 2162062, 2161960, 2161482, 2161924, 2161667, 2161889, 2161824, 2161783, 2161753, 2161399, 2161405, 2161714, 2161515, 2161408, 2161739, 2161547, 2161572, 2161459, 2161545, 2161520, 2161661, 2161560, 2161754, 2161890, 2161478, 2161997, 2161848, 2161590, 2161927, 2161704, 2161926, 2161562, 2161925, 2161489, 2161724, 2161622, 2161481, 2161618, 2161963, 2161619, 2161483, 2161555, 2161428, 2161646, 2161802, 2161862, 2161460, 2161456, 2161896, 2162068, 2161980, 2161935, 2162060, 2161559, 2161910, 2161420], "15": [2161793, 2161996, 2161748, 2162077, 2161858, 2161800, 2161852, 2161486, 2161440, 2161576, 2162024, 2161461, 2162026, 2161685, 2161577, 2161798, 2161612, 2161766, 2161650, 2161458, 2161990, 2162011, 2161493, 2162082, 2161734, 2162032, 2161807, 2161891, 2161826, 2162022, 2161716, 2162004, 2161521, 2161964, 2161645, 2161973, 2161745, 2161907, 2161859, 2161610, 2161507, 2161760, 2161876, 2161508, 2161710, 2161403, 2161726, 2161791, 2161797, 2162075, 2161756, 2161735, 2161894, 2161643, 2161574, 2161470, 2161457, 2161856, 2162079, 2161884, 2161829, 2161506, 2161832, 2161732, 2161827, 2161588, 2161943, 2161928, 2162040, 2162042, 2161578, 2161546, 2161485, 2161940, 2161594, 2162050, 2161462, 2161803, 2162028, 2161451, 2161444, 2161657, 2161762, 2161498, 2161678, 2161561, 2161600, 2161563, 2161944, 2161617, 2162038, 2162059, 2161684, 2161917, 2161736